0.08398079872131348
0.08812117576599121
0.008137941360473633
0.1119379997253418
0.0718390941619873
0.024000883102416992
0.06406521797180176
0.04820561408996582
0.023737192153930664
0.03212404251098633
0.09607577323913574
0.016051292419433594
0.05568885803222656
0.19999408721923828

0.3043231964111328
0.13576173782348633
0.06445002555847168
0.007148027420043945
0.11228322982788086
0.06402587890625
0.03195595741271973
0.04812908172607422
0.07191300392150879
0.01584601402282715
0.056247711181640625
0.0877833366394043
0.007902860641479492
0.06415700912475586
0.20798206329345703

0.28045201301574707
0.07961606979370117
0.06418776512145996
0.015702247619628906
0.12019801139831543
0.09585094451904297
0.007960796356201172
0.04802727699279785
0.04804396629333496
0.047882080078125
0.04822087287902832
0.08786678314208984
0.008243322372436523
0.07175302505493164
0.18416786193847656

0.21636700630187988
0.11165904998779297
0.04859495162963867
0.007278919219970703
0.1122579574584961
0.08797430992126465
0.0077707767486572266
0.06417989730834961
0.05605912208557129
0.024013996124267578
0.03185391426086426
0.08810234069824219
0.023955821990966797
0.07195401191711426
0.20001578330993652

0.25639772415161133
0.11965417861938477
0.06450200080871582
0.007309913635253906
0.08816289901733398
0.0879061222076416
0.016047239303588867
0.05594491958618164
0.06406188011169434
0.023921966552734375
0.03215789794921875
0.0878603458404541
0.023955821990966797
0.0640878677368164
0.2159709930419922

0.31233692169189453
0.1118462085723877
0.0644068717956543
0.007242918014526367
0.05640006065368652
0.119873046875
0.00900411605834961
0.05484175682067871
0.07220721244812012
0.015910863876342773
0.03202009201049805
0.10404706001281738
0.015893936157226562
0.07196402549743652
0.2240128517150879

0.2883567810058594
0.12772417068481445
0.04832005500793457
0.015622138977050781
0.1119987964630127
0.09592795372009277
0.016021013259887695
0.06428313255310059
0.05576491355895996
0.03994107246398926
0.04011082649230957
0.07998013496398926
0.024029016494750977
0.07194089889526367
0.18406319618225098

0.3520498275756836
0.08776617050170898
0.0723428726196289
0.0073392391204833984
0.09630584716796875
0.09587717056274414
0.007817983627319336
0.08820486068725586
0.06385493278503418
0.04829001426696777
0.047976016998291016
0.08769989013671875
0.08812522888183594
0.08002686500549316
0.2562601566314697

0.22459006309509277
0.10362792015075684
0.04807591438293457
0.03172707557678223
0.08809280395507812
0.0879361629486084
0.023868083953857422
0.06428194046020508
0.07997608184814453
0.01591777801513672
0.03200221061706543
0.0880429744720459
0.040144920349121094
0.0716409683227539
0.2323760986328125

0.35249900817871094
0.11163091659545898
0.06389403343200684
0.008018970489501953
0.08812117576599121
0.1038358211517334
0.0003731250762939453
0.0877079963684082
0.03999805450439453
0.056077003479003906
0.024126052856445312
0.08776092529296875
0.0401918888092041
0.07177400588989258
0.2001478672027588

0.05415987968444824
0.023167848587036133
0.07996106147766113
0.0960991382598877
0.023953914642333984
0.0559999942779541
0.06402111053466797
0.02383899688720703
0.04025888442993164
0.09595298767089844
0.015806913375854492
0.07214212417602539
0.3039710521697998

0.3284740447998047
0.11956214904785156
0.05655980110168457
0.03149223327636719
0.06403303146362305
0.11202573776245117
0.007473945617675781
0.048638105392456055
0.06374311447143555
0.03998684883117676
0.032080888748168945
0.09589123725891113
0.008015871047973633
0.06405210494995117
0.1921100616455078

0.28812408447265625
0.07205891609191895
0.056214094161987305
0.015515804290771484
0.0880582332611084
0.09609103202819824
0.0003108978271484375
0.08775711059570312
0.05584979057312012
0.03194928169250488
0.04826688766479492
0.10384488105773926
0.007712125778198242
0.07227301597595215
0.19189882278442383

0.27236485481262207
0.1278519630432129
0.04808330535888672
0.023688793182373047
0.07200217247009277
0.08791303634643555
0.024060726165771484
0.07212495803833008
0.07213330268859863
0.015735864639282227
0.024255990982055664
0.09644293785095215
0.023278236389160156
0.0639805793762207
0.20802617073059082

0.27225589752197266
0.09590005874633789
0.07173299789428711
0.008166074752807617
0.14383888244628906
0.10390210151672363
0.007905006408691406
0.03206181526184082
0.08011293411254883
0.024008989334106445
0.04823422431945801
0.08781290054321289
0.007802248001098633
0.0642387866973877
0.17612195014953613

0.24849200248718262
0.09577178955078125
0.04807400703430176
0.01568913459777832
0.08004117012023926
0.08794593811035156
0.008083820343017578
0.09597396850585938
0.03206014633178711
0.047894954681396484
0.04793882369995117
0.07218217849731445
0.03191494941711426
0.06421184539794922
0.21586012840270996

0.27224111557006836
0.08775711059570312
0.040184736251831055
0.03982424736022949
0.07997488975524902
0.08813095092773438
0.023726224899291992
0.07223081588745117
0.05598902702331543
0.03187298774719238
0.023997068405151367
0.08809900283813477
0.024121761322021484
0.0718531608581543
0.19220805168151855

0.20015692710876465
0.1120309829711914
0.02398681640625
0.04785728454589844
0.07216691970825195
0.07988190650939941
0.02393484115600586
0.08010029792785645
0.04795575141906738
0.055915117263793945
0.016006946563720703
0.09633517265319824
0.01562976837158203
0.05606508255004883
0.19993114471435547

0.18407297134399414
0.10387301445007324
0.0403590202331543
0.023597002029418945
0.08005595207214355
0.0720670223236084
0.05608987808227539
0.04782295227050781
0.05601096153259277
0.03998732566833496
0.047959089279174805
0.0960536003112793
0.0077991485595703125
0.05620098114013672
0.19193506240844727

0.13643121719360352
0.1515660285949707
0.024252891540527344
0.04787302017211914
0.07180905342102051
0.08812189102172852
0.031899213790893555
0.07208585739135742
0.04799604415893555
0.05596590042114258
0.008036136627197266
0.09599685668945312
0.03186202049255371
0.07215523719787598
0.17608284950256348

0.08459687232971191
0.05587124824523926
0.056343793869018555
0.5357961654663086
0.05570387840270996
0.07228803634643555
0.06374812126159668
0.0800321102142334
0.08002567291259766
0.04812121391296387
0.07172799110412598
0.023955106735229492
0.0723428726196289
0.29593515396118164

0.6799008846282959
0.1202230453491211
0.05603981018066406
0.007529258728027344
0.22438573837280273
0.11989021301269531
0.0077970027923583984
0.06417107582092285
0.06399273872375488
0.06394219398498535
0.040014028549194336
0.04820585250854492
0.03970813751220703
0.03205585479736328
0.24797320365905762

0.4400491714477539
0.12012887001037598
0.05631589889526367
0.00734400749206543
0.12805700302124023
0.05604815483093262
0.040010929107666016
0.03189420700073242
0.0721428394317627
0.06388187408447266
0.024020910263061523
0.06397318840026855
0.016056060791015625
0.0560147762298584
0.22415804862976074

0.27243995666503906
0.11971211433410645
0.048076629638671875
0.023830175399780273
0.11216306686401367
0.023649930953979492
0.07221508026123047
0.00792694091796875
0.08024191856384277
0.0478971004486084
0.056008100509643555
0.07182788848876953
0.03200101852416992
0.09608697891235352
0.12020421028137207

0.29614710807800293
0.12771296501159668
0.0241851806640625
0.055847883224487305
0.12826895713806152
0.03961920738220215
0.07201981544494629
0.0003731250762939453
0.11159086227416992
0.08803510665893555
0.08795809745788574
0.056009769439697266
0.04807710647583008
0.0879518985748291
0.11201810836791992

0.3045530319213867
0.10368585586547852
0.06412005424499512
0.007599830627441406
0.14426326751708984
0.10386371612548828
0.00802302360534668
0.06395316123962402
0.14426493644714355
0.07983899116516113
0.09606003761291504
0.07972598075866699
0.023894071578979492
0.07209396362304688
0.20811891555786133

0.3441009521484375
0.09569096565246582
0.0719151496887207
0.00792074203491211
0.12813115119934082
0.09598088264465332
0.01596999168395996
0.05596423149108887
0.05610966682434082
0.08780908584594727
0.048165082931518555
0.03187108039855957
0.06406283378601074
0.01596808433532715
0.23996210098266602

0.5599970817565918
0.1518709659576416
0.07236289978027344
0.015621185302734375
0.14407610893249512
0.06391763687133789
0.04008913040161133
0.03990006446838379
0.040058135986328125
0.08791089057922363
0.056244850158691406
0.0639350414276123
0.023839950561523438
0.08005118370056152
0.15997695922851562

0.440166711807251
0.15183210372924805
0.04042506217956543
0.03154706954956055
0.11226081848144531
0.07974600791931152
0.0319361686706543
0.039906978607177734
0.05636787414550781
0.07983207702636719
0.03185296058654785
0.04013204574584961
0.05600881576538086
0.007920265197753906
0.2801656723022461

0.32015490531921387
0.1436300277709961
0.007875919342041016
0.056089162826538086
0.11202883720397949
0.032174110412597656
0.055803775787353516
0.007908105850219727
0.06431412696838379
0.08783197402954102
0.024136066436767578
0.047805070877075195
0.04805493354797363
0.01589202880859375
0.2961139678955078

0.08472776412963867
0.05665707588195801
0.015394926071166992
0.10418391227722168
0.07999110221862793
0.015855789184570312
0.06397414207458496
0.056014299392700195
0.023976802825927734
0.04806089401245117
0.0959329605102539
0.007825136184692383
0.04803299903869629
0.20045995712280273

0.09343314170837402
0.06419515609741211
0.00027489662170410156
0.07976603507995605
0.09584474563598633
0.007915019989013672
0.07213115692138672
0.04787778854370117
0.04003620147705078
0.007954835891723633
0.08798813819885254
0.032195091247558594
0.07194995880126953
0.18413090705871582

0.5521931648254395
0.09580206871032715
0.06438875198364258
0.007592201232910156
0.10414600372314453
0.10389184951782227
0.007838964462280273
0.06440114974975586
0.05572199821472168
0.040068864822387695
0.03200721740722656
0.08817386627197266
0.023653030395507812
0.04820895195007324
0.21605515480041504

0.48016905784606934
0.08782005310058594
0.05612587928771973
0.015692949295043945
0.0883181095123291
0.07998824119567871
0.0003478527069091797
0.07967376708984375
0.047750234603881836
0.04004693031311035
0.04021596908569336
0.07977700233459473
0.023939132690429688
0.07207703590393066
0.21606087684631348

0.4723021984100342
0.10362005233764648
0.05655980110168457
0.0154571533203125
0.09610795974731445
0.08806920051574707
0.007679939270019531
0.08011698722839355
0.04005002975463867
0.04804587364196777
0.10399603843688965
0.023998022079467773
0.06392478942871094
0.008053064346313477
0.3521289825439453

0.36039233207702637
0.10350489616394043
0.040019989013671875
0.023968935012817383
0.08020806312561035
0.0717928409576416
0.03195500373840332
0.06401896476745605
0.04793810844421387
0.032124996185302734
0.03989219665527344
0.08805298805236816
0.040181875228881836
0.06382608413696289
0.24820184707641602

0.24015522003173828
0.11188888549804688
0.04012489318847656
0.023809194564819336
0.09610700607299805
0.0720219612121582
0.03192281723022461
0.06417727470397949
0.04786396026611328
0.031951904296875
0.024168968200683594
0.08768415451049805
0.03217577934265137
0.05585312843322754
0.21604704856872559

0.20843911170959473
0.0956578254699707
0.04812502861022949
0.0238950252532959
0.06405186653137207
0.10381221771240234
0.008089780807495117
0.08806324005126953
0.05579781532287598
0.032105207443237305
0.023897886276245117
0.10409808158874512
0.01593184471130371
0.06416916847229004
0.20812487602233887

0.28049778938293457
0.07135224342346191
0.05626273155212402
0.015917062759399414
0.07197427749633789
0.08805465698242188
0.007847309112548828
0.06407690048217773
0.055989742279052734
0.04804039001464844
0.01590585708618164
0.09605097770690918
0.007966995239257812
0.05605292320251465
0.1999340057373047

0.40833115577697754
0.07987189292907715
0.047927141189575195
0.02381610870361328
0.06406188011169434
0.08796095848083496
0.015922069549560547
0.04832196235656738
0.05575418472290039
0.03195071220397949
0.04828023910522461
0.07970285415649414
0.024055957794189453
0.04795527458190918
0.22421765327453613

0.0925741195678711
0.06422281265258789
0.0077152252197265625
0.11211109161376953
0.08008193969726562
0.016461849212646484
0.05559897422790527
0.07191014289855957
0.016095876693725586
0.0478208065032959
0.08793020248413086
0.008014202117919922
0.05605292320251465
0.1922147274017334

0.7684662342071533
0.09548783302307129
0.048107147216796875
0.0157468318939209
0.10410094261169434
0.07985806465148926
0.016093969345092773
0.056236982345581055
0.055845022201538086
0.0321500301361084
0.015756845474243164
0.1040351390838623
0.03200888633728027
0.06397008895874023
0.2080399990081787

0.5204641819000244
0.07964396476745605
0.06385684013366699
0.008094310760498047
0.1039586067199707
0.07200121879577637
0.023970842361450195
0.07215595245361328
0.03986716270446777
0.04792499542236328
0.0321810245513916
0.09584999084472656
0.03201413154602051
0.05602383613586426
0.22393488883972168

0.5124008655548096
0.09554195404052734
0.05662417411804199
0.0072689056396484375
0.11233305931091309
0.07177972793579102
0.007971048355102539
0.0561680793762207
0.05598187446594238
0.04786324501037598
0.056181907653808594
0.07180595397949219
0.016038179397583008
0.06394290924072266
0.23197603225708008

0.5126111507415771
0.08751893043518066
0.06410908699035645
0.0003600120544433594
0.11142086982727051
0.08016014099121094
0.00769495964050293
0.056303977966308594
0.048017024993896484
0.03982210159301758
0.05601000785827637
0.07996988296508789
0.008042097091674805
0.05601000785827637
0.21595287322998047

0.6482868194580078
0.08789420127868652
0.07187986373901367
0.008138895034790039
0.12003111839294434
0.07184004783630371
0.007853984832763672
0.04806804656982422
0.05608391761779785
0.05598592758178711
0.06406807899475098
0.07988214492797852
0.024191856384277344
0.055783987045288086
0.23204302787780762

0.6563248634338379
0.10384011268615723
0.06406688690185547
0.016210079193115234
0.10396099090576172
0.07967209815979004
0.01597881317138672
0.04841208457946777
0.055763959884643555
0.03194093704223633
0.0560150146484375
0.07999706268310547
0.03203701972961426
0.05595588684082031
0.20006299018859863

0.4881737232208252
0.11184525489807129
0.04837179183959961
0.023598194122314453
0.10412073135375977
0.07988405227661133
0.0003330707550048828
0.06382203102111816
0.06389212608337402
0.03997063636779785
0.04822421073913574
0.09582090377807617
0.007969141006469727
0.06399798393249512
0.2802600860595703

0.5443589687347412
0.09561395645141602
0.06398415565490723
0.008162975311279297
0.10384106636047363
0.08007669448852539
0.007766008377075195
0.07211422920227051
0.056111812591552734
0.0399320125579834
0.07202506065368652
0.07195210456848145
0.01598501205444336
0.06398677825927734
0.23205089569091797

0.5521810054779053
0.12783169746398926
0.056610107421875
0.007344245910644531
0.10405969619750977
0.08797907829284668
0.008018970489501953
0.06416511535644531
0.04783797264099121
0.03993487358093262
0.024320125579833984
0.07174301147460938
0.05623602867126465
0.05576014518737793
0.24822664260864258

0.1089620590209961
0.09679293632507324
0.00038313865661621094
0.11910414695739746
0.07186675071716309
0.024016857147216797
0.07195615768432617
0.0961000919342041
0.08795380592346191
0.023936033248901367
0.07179689407348633
0.02432417869567871
0.08791613578796387
0.14391279220581055

0.2803940773010254
0.14359188079833984
0.08818411827087402
0.023805856704711914
0.10397005081176758
0.08003616333007812
0.040151119232177734
0.07976174354553223
0.09620523452758789
0.09594178199768066
0.03987002372741699
0.07995200157165527
0.008146047592163086
0.08799004554748535
0.14415884017944336

0.12042593955993652
0.11979389190673828
0.07222199440002441
0.023591995239257812
0.11208319664001465
0.05587577819824219
0.06403183937072754
0.08013129234313965
0.1120917797088623
0.11183404922485352
0.6641421318054199
0.05588793754577637
0.015888214111328125
0.08034563064575195
0.1199181079864502

0.41631007194519043
0.1599428653717041
0.06381011009216309
0.016206741333007812
0.15978026390075684
0.06399202346801758
0.04005885124206543
0.07178997993469238
0.0961449146270752
0.08001422882080078
0.27195286750793457
0.07205605506896973
0.06419205665588379
0.07176995277404785
0.21598196029663086

0.42433810234069824
0.10387301445007324
0.048445940017700195
0.047534942626953125
0.11179208755493164
0.05633997917175293
0.015511035919189453
0.08028697967529297
0.10416316986083984
0.06369876861572266
0.08000493049621582
0.04778122901916504
0.008246898651123047
0.07998895645141602
0.1442570686340332

0.4482419490814209
0.11170291900634766
0.08022809028625488
0.007622957229614258
0.12022709846496582
0.06380009651184082
0.01630687713623047
0.0635230541229248
0.11231017112731934
0.07187199592590332
0.04025387763977051
0.07988882064819336
0.024155139923095703
0.07982301712036133
0.16824102401733398

0.2240138053894043
0.17596006393432617
0.08794021606445312
0.03236579895019531
0.15134096145629883
0.0802621841430664
0.047818899154663086
0.07222294807434082
0.10407304763793945
0.07990097999572754
0.01622915267944336
0.0798647403717041
0.05593419075012207
0.07187795639038086
0.15180492401123047

0.1361541748046875
0.16805815696716309
0.07968878746032715
0.02417898178100586
0.17598295211791992
0.0798330307006836
0.08803510665893555
0.08005404472351074
0.13605403900146484
0.0719916820526123
0.11206912994384766
0.06394696235656738
0.0638129711151123
0.07211995124816895
0.1202092170715332

0.21630477905273438
0.14343810081481934
0.09616494178771973
0.02435922622680664
0.11980676651000977
0.08803391456604004
0.016043901443481445
0.07993030548095703
0.12018084526062012
0.06369304656982422
0.04798483848571777
0.05577707290649414
0.04826188087463379
0.07202315330505371
0.12793326377868652

0.048207998275756836
0.11171388626098633
0.0885932445526123
0.01551675796508789
0.11179208755493164
0.07996392250061035
0.024071931838989258
0.08815693855285645
0.11204719543457031
0.10389900207519531
0.02392578125
0.06405401229858398
0.06424927711486816
0.06376171112060547
0.12005925178527832

0.14076995849609375
0.09607577323913574
0.0003871917724609375
0.11963200569152832
0.07190513610839844
0.007957935333251953
0.06396293640136719
0.13602900505065918
0.08000802993774414
0.08004283905029297
0.05596208572387695
0.024451017379760742
0.08746504783630371
0.15212702751159668

0.18440914154052734
0.151472806930542
0.11196422576904297
0.02468395233154297
0.12732291221618652
0.0959930419921875
0.4001622200012207
0.1038808822631836
0.08801102638244629
0.08806085586547852
0.01598501205444336
0.1040658950805664
0.031931161880493164
0.07994818687438965
0.13585782051086426

0.06449294090270996
0.11954092979431152
0.08807110786437988
0.00766301155090332
0.10414695739746094
0.08021712303161621
0.04001593589782715
0.0558619499206543
0.1281421184539795
0.05574297904968262
0.05601191520690918
0.06412005424499512
0.040055036544799805
0.0878438949584961
0.16022706031799316

0.2321910858154297
0.15207481384277344
0.0957942008972168
0.024033784866333008
0.12003612518310547
0.08795022964477539
0.04813885688781738
0.07184791564941406
0.10415387153625488
0.08785033226013184
0.05619096755981445
0.06377196311950684
0.03207898139953613
0.07172679901123047
0.16021108627319336

0.16846179962158203
0.13552618026733398
0.08774280548095703
0.02482891082763672
0.11959314346313477
0.08782720565795898
0.024110794067382812
0.08786988258361816
0.11201214790344238
0.08790111541748047
0.056027889251708984
0.0559389591217041
0.10410881042480469
0.09600114822387695
0.14395594596862793

0.12854409217834473
0.11153006553649902
0.08839178085327148
0.00034117698669433594
0.12725019454956055
0.08005881309509277
0.3360569477081299
0.09595608711242676
0.11995291709899902
0.07192587852478027
0.04006314277648926
0.09591317176818848
0.04814791679382324
0.07990503311157227
0.29604291915893555

0.12809514999389648
0.10381007194519043
0.08006000518798828
0.008392095565795898
0.09563183784484863
0.08793807029724121
0.016026973724365234
0.07997393608093262
0.11203622817993164
0.06414389610290527
0.07184290885925293
0.07996797561645508
0.016137123107910156
0.0718698501586914
0.1447000503540039

0.06400728225708008
0.1359248161315918
0.07252097129821777
0.007357120513916016
0.1841869354248047
0.06402325630187988
0.024144887924194336
0.07994890213012695
0.08004093170166016
0.09593510627746582
0.04789090156555176
0.06389904022216797
0.03201913833618164
0.08805584907531738
0.13618111610412598

0.04811811447143555
0.15985894203186035
0.09597587585449219
0.016021013259887695
0.12007403373718262
0.10389208793640137
0.024012088775634766
0.08777403831481934
0.13632988929748535
0.0879220962524414
0.08809900283813477
0.0798337459564209
0.048130035400390625
0.07985997200012207
0.15218710899353027

0.08055520057678223
0.14371609687805176
0.10368084907531738
0.008313179016113281
0.13590002059936523
0.06379103660583496
0.015875816345214844
0.0722501277923584
0.12784790992736816
0.055969953536987305
0.06392097473144531
0.08805203437805176
0.0721588134765625
0.11177229881286621
0.16823768615722656

0.11715507507324219
0.04828500747680664
0.031793832778930664
0.0800161361694336
0.07212400436401367
0.015851974487304688
0.05596303939819336
0.04800295829772949
0.04804110527038574
0.03192615509033203
0.07999181747436523
0.007776975631713867
0.04816293716430664
0.1680910587310791

0.6082007884979248
0.0957040786743164
0.03215384483337402
0.03996920585632324
0.07194185256958008
0.07216501235961914
0.007668972015380859
0.07213020324707031
0.04789280891418457
0.024153947830200195
0.02415299415588379
0.0800940990447998
0.023756980895996094
0.06384515762329102
0.15209507942199707

0.5283501148223877
0.10400795936584473
0.055907249450683594
0.00780797004699707
0.09598898887634277
0.06394600868225098
0.02398991584777832
0.07198500633239746
0.0482327938079834
0.01597428321838379
0.02379894256591797
0.09611392021179199
0.023952960968017578
0.04795098304748535
0.19997406005859375

0.4800560474395752
0.11187982559204102
0.03224515914916992
0.023761749267578125
0.10403108596801758
0.06397509574890137
0.015909910202026367
0.08006596565246582
0.040023088455200195
0.023932933807373047
0.056047916412353516
0.0722341537475586
0.03176093101501465
0.07201600074768066
0.1999971866607666

0.5282349586486816
0.11182808876037598
0.07217788696289062
0.00037026405334472656
0.1674959659576416
0.08808183670043945
0.015803098678588867
0.05598187446594238
0.06398987770080566
0.03208327293395996
0.06396770477294922
0.0799710750579834
0.016056060791015625
0.0639960765838623
0.16797614097595215

0.37610387802124023
0.08792304992675781
0.04804873466491699
0.023834228515625
0.09601521492004395
0.07195472717285156
0.007890939712524414
0.05621218681335449
0.06387710571289062
0.01601576805114746
0.056069135665893555
0.0879659652709961
0.007843017578125
0.0641469955444336
0.1999518871307373

0.4081552028656006
0.10380887985229492
0.048207998275756836
0.03174090385437012
0.09610795974731445
0.06388092041015625
0.024053096771240234
0.13585996627807617
0.08010005950927734
0.08782410621643066
0.008252859115600586
0.07187199592590332
0.191802978515625

0.3681039810180664
0.11213397979736328
0.04787397384643555
0.01584005355834961
0.0959620475769043
0.08013916015625
0.00783991813659668
0.056073904037475586
0.048066139221191406
0.055966854095458984
0.07189011573791504
0.0720210075378418
0.007941722869873047
0.0721442699432373
0.19989871978759766

0.22412586212158203
0.0958399772644043
0.04829692840576172
0.015677213668823242
0.10398292541503906
0.07992386817932129
0.0003750324249267578
0.08771991729736328
0.04804825782775879
0.056086063385009766
0.0478818416595459
0.06386494636535645
0.02406001091003418
0.06397223472595215
0.20008492469787598

0.2878427505493164
0.09587216377258301
0.048156023025512695
0.023785114288330078
0.0800628662109375
0.0880739688873291
0.02398204803466797
0.04792499542236328
0.08005690574645996
0.024003028869628906
0.02395796775817871
0.07991313934326172
0.040010929107666016
0.07213687896728516
0.21592020988464355

0.16547179222106934
0.45609211921691895
0.07977485656738281
0.06430411338806152
0.02383589744567871
0.12000799179077148
0.09586310386657715
0.0719449520111084
0.07216715812683105
0.12006878852844238
0.08794021606445312
0.10405182838439941
0.08000421524047852
0.04002785682678223
0.05605196952819824
0.15177011489868164

1.2161259651184082
0.07980895042419434
0.056288957595825195
0.015885114669799805
0.1118919849395752
0.07992410659790039
0.040123701095581055
0.08008122444152832
0.12799906730651855
0.0958867073059082
0.015969038009643555
0.08803606033325195
0.04795193672180176
0.06405115127563477
0.11990904808044434

0.29616403579711914
0.05598902702331543
0.06424093246459961
0.007544994354248047
0.12814593315124512
0.0560150146484375
0.03199124336242676
0.07986783981323242
0.12007594108581543
0.08799099922180176
0.06403112411499023
0.08789300918579102
0.07206487655639648
0.04798388481140137
0.14407110214233398

0.24837684631347656
0.06340909004211426
0.06427907943725586
0.015805959701538086
0.11242389678955078
0.06369209289550781
0.047883033752441406
0.06409597396850586
0.1839599609375
0.11206412315368652
0.4878699779510498
0.06397891044616699
0.08001899719238281
0.056146860122680664
0.15190720558166504

0.304196834564209
0.055666208267211914
0.06422305107116699
0.007779836654663086
0.11197900772094727
0.08830881118774414
0.05570626258850098
0.06406807899475098
0.1679518222808838
0.08004307746887207
0.04793596267700195
0.07198214530944824
0.1199028491973877
0.048239946365356445
0.5998251438140869

0.2562599182128906
0.09579110145568848
0.03206896781921387
0.03996086120605469
0.1200711727142334
0.07991576194763184
0.04007411003112793
0.0800328254699707
0.1440432071685791
0.08780598640441895
0.05607414245605469
0.07203102111816406
0.09600591659545898
0.055902957916259766
0.1199488639831543

0.18416786193847656
0.08000707626342773
0.04007411003112793
0.03179478645324707
0.10404300689697266
0.10397005081176758
0.01613903045654297
0.06388401985168457
0.08020806312561035
0.11173295974731445
0.008028984069824219
0.08006691932678223
0.04804205894470215
0.04802203178405762
0.11990094184875488

0.7361600399017334
0.1278998851776123
0.06393003463745117
0.01650691032409668
0.13551902770996094
0.06394600868225098
0.3761179447174072
0.10392308235168457
0.23200201988220215
0.08815717697143555
0.09589886665344238
0.07209587097167969
0.18380403518676758
0.06410408020019531
0.14391207695007324

0.16793322563171387
0.10392498970031738
0.0323178768157959
0.031697988510131836
0.10389924049377441
0.05606675148010254
0.07212305068969727
0.07193994522094727
0.15995526313781738
0.08801484107971191
0.02390289306640625
0.0880281925201416
0.07999992370605469
0.04805397987365723
0.10395193099975586

0.17641091346740723
0.08756589889526367
0.05610918998718262
0.007763862609863281
0.11205601692199707
0.07197713851928711
0.04814791679382324
0.07193899154663086
0.12001276016235352
0.07989621162414551
0.01603984832763672
0.07996225357055664
0.11189484596252441
0.05598020553588867
0.11226868629455566

0.07718777656555176
0.048193931579589844
0.007718324661254883
0.10407376289367676
0.08812713623046875
0.02427387237548828
0.11972498893737793
0.40785694122314453
0.09609794616699219
0.10394811630249023
0.09612321853637695
0.015845775604248047
0.07184314727783203
0.1361989974975586

0.17627692222595215
0.0878441333770752
0.048417091369628906
0.015537738800048828
0.08804893493652344
0.07175397872924805
0.01613903045654297
0.1121053695678711
0.007825851440429688
0.14412903785705566
0.016092777252197266
0.11198210716247559
0.03213024139404297
0.07188177108764648
0.10409212112426758

0.1442098617553711
0.06388521194458008
0.048433780670166016
0.039628028869628906
0.07991409301757812
0.07194185256958008
0.039968013763427734
0.08809328079223633
0.05583977699279785
0.12805700302124023
0.015974998474121094
0.09589409828186035
0.03209495544433594
0.07188892364501953
0.09615898132324219

0.14414381980895996
0.06375503540039062
0.040405988693237305
0.05574989318847656
0.09585094451904297
0.05605196952819824
0.015978336334228516
0.10407662391662598
0.02404022216796875
0.16788387298583984
0.047981977462768555
0.1200551986694336
0.04016566276550293
0.05589127540588379
0.1197810173034668

0.1440448760986328
0.07187080383300781
0.048400163650512695
0.0316770076751709
0.11186099052429199
0.07217001914978027
0.07989382743835449
0.07206606864929199
0.11997795104980469
0.08786892890930176
0.04034304618835449
0.0876762866973877
0.048352718353271484
0.06382012367248535
0.10394906997680664

0.1526021957397461
0.09531068801879883
0.016099214553833008
0.04787611961364746
0.08807182312011719
0.08007311820983887
0.024069786071777344
0.08771824836730957
0.04006075859069824
0.12805414199829102
0.008161067962646484
0.10393190383911133
0.03177213668823242
0.07217574119567871
0.0879361629486084

0.15233373641967773
0.09594321250915527
0.040064096450805664
0.03180885314941406
0.07204484939575195
0.07225418090820312
0.03957414627075195
0.09640288352966309
0.0636298656463623
0.1281430721282959
0.007812023162841797
0.07999706268310547
0.05622386932373047
0.06364226341247559
0.08011174201965332

0.23213958740234375
0.16775226593017578
0.07209992408752441
0.024151086807250977
0.14379382133483887
0.07204914093017578
0.09607815742492676
0.07183480262756348
0.24797797203063965
0.10390710830688477
0.06402397155761719
0.08810615539550781
0.016124725341796875
0.06365799903869629
0.09613704681396484

0.18416190147399902
0.09585404396057129
0.06412982940673828
0.00040435791015625
0.11934685707092285
0.08017206192016602
0.016022682189941406
0.06396126747131348
0.05592989921569824
0.12804889678955078
0.0160830020904541
0.08785414695739746
0.032011985778808594
0.0560610294342041
0.10396313667297363

0.160142183303833
0.10382795333862305
0.0641641616821289
0.0075647830963134766
0.0884251594543457
0.11153888702392578
0.00035309791564941406
0.0879969596862793
0.01588606834411621
0.1359107494354248
0.008101940155029297
0.10399317741394043
0.040014028549194336
0.06409406661987305
0.10389280319213867

0.09264492988586426
0.07220292091369629
0.0003440380096435547
0.09541702270507812
0.08810305595397949
0.007897138595581055
0.06405472755432129
0.06400609016418457
0.023952960968017578
0.03210806846618652
0.08789181709289551
0.01597428321838379
0.06399989128112793
0.20003795623779297

0.39220404624938965
0.08786511421203613
0.06415987014770508
0.0077588558197021484
0.08801722526550293
0.08002901077270508
0.008095979690551758
0.0641169548034668
0.039813995361328125
0.04798412322998047
0.03994894027709961
0.0723409652709961
0.023647069931030273
0.06403684616088867
0.20795702934265137

0.3519601821899414
0.08794283866882324
0.07200407981872559
0.008032083511352539
0.10400176048278809
0.06402802467346191
0.024068117141723633
0.05592203140258789
0.05600786209106445
0.02443385124206543
0.03154420852661133
0.08806180953979492
0.007784366607666016
0.07207298278808594
0.21611785888671875

0.25618505477905273
0.09579205513000488
0.06423497200012207
0.0004138946533203125
0.12743115425109863
0.04804086685180664
0.02411508560180664
0.055819034576416016
0.07996582984924316
0.03196430206298828
0.06393861770629883
0.07212519645690918
0.01596999168395996
0.08003020286560059
0.2080838680267334

0.2880237102508545
0.0958101749420166
0.04833388328552246
0.0076601505279541016
0.09600377082824707
0.07196807861328125
0.024106979370117188
0.06387710571289062
0.05615401268005371
0.03182196617126465
0.032154083251953125
0.0879509449005127
0.02397608757019043
0.06403899192810059
0.2079610824584961

0.2562119960784912
0.11170792579650879
0.04821610450744629
0.015711069107055664
0.08815193176269531
0.08797383308410645
0.007962226867675781
0.07203412055969238
0.056001901626586914
0.0321049690246582
0.01608896255493164
0.09565615653991699
0.02435779571533203
0.063812255859375
0.216080904006958

0.2721250057220459
0.09602093696594238
0.04795217514038086
0.023811817169189453
0.07200312614440918
0.08011293411254883
0.00783991813659668
0.08805608749389648
0.04824709892272949
0.031736135482788086
0.048024654388427734
0.07196617126464844
0.03203010559082031
0.05599164962768555
0.22400522232055664

0.280458927154541
0.09576201438903809
0.04801201820373535
0.023823976516723633
0.07187318801879883
0.08018994331359863
0.007929801940917969
0.11212420463562012
0.047987937927246094
0.00785207748413086
0.01595902442932129
0.0963597297668457
0.05567121505737305
0.07207298278808594
0.16806793212890625

0.2564108371734619
0.09557294845581055
0.056179046630859375
0.015803098678588867
0.08805084228515625
0.08007311820983887
0.0004069805145263672
0.07943201065063477
0.05617809295654297
0.04794812202453613
0.015925884246826172
0.07200789451599121
0.031903982162475586
0.07212018966674805
0.1999650001525879

0.14416813850402832
0.12784504890441895
0.04024672508239746
0.039690256118774414
0.07207202911376953
0.11197686195373535
0.00031685829162597656
0.0797262191772461
0.05596113204956055
0.047951698303222656
0.015978097915649414
0.08003091812133789
0.04030013084411621
0.06367206573486328
0.19999480247497559

0.14112401008605957
0.05630302429199219
0.01572394371032715
0.09596109390258789
0.07996201515197754
0.00791788101196289
0.04814505577087402
0.0798940658569336
0.024228811264038086
0.0003361701965332031
0.09554409980773926
0.023988008499145508
0.07196283340454102
0.18390393257141113

0.4882190227508545
0.07184290885925293
0.0639190673828125
0.008322954177856445
0.09567117691040039
0.07219099998474121
0.03191876411437988
0.04807114601135254
0.04783296585083008
0.0481109619140625
0.039978981018066406
0.07996392250061035
0.007911920547485352
0.06406521797180176
0.1841278076171875

0.4002089500427246
0.09561800956726074
0.07220196723937988
0.0003170967102050781
0.11945080757141113
0.07209515571594238
0.007819890975952148
0.048110008239746094
0.04800105094909668
0.0560150146484375
0.056281089782714844
0.0716400146484375
0.00032591819763183594
0.05582094192504883
0.19191813468933105

0.39194798469543457
0.07988309860229492
0.05595803260803223
0.008038759231567383
0.0959312915802002
0.0720057487487793
0.007964134216308594
0.05609774589538574
0.05603313446044922
0.047991037368774414
0.055979013442993164
0.05594015121459961
0.01593804359436035
0.04804587364196777
0.20015597343444824

0.35189008712768555
0.07184600830078125
0.06424903869628906
0.0075871944427490234
0.10413169860839844
0.07216787338256836
0.007749319076538086
0.04813790321350098
0.06396484375
0.03998208045959473
0.05602002143859863
0.071990966796875
0.007754087448120117
0.05621504783630371
0.20002985000610352

0.23998427391052246
0.08001470565795898
0.04002213478088379
0.023865938186645508
0.10393881797790527
0.08010530471801758
0.024103879928588867
0.06377816200256348
0.0482020378112793
0.023895740509033203
0.04801821708679199
0.07987475395202637
0.02407693862915039
0.07203412055969238
0.231917142868042

0.28025293350219727
0.06401515007019043
0.048004865646362305
0.03179311752319336
0.09598278999328613
0.08004522323608398
0.024000883102416992
0.047930002212524414
0.06411194801330566
0.07195019721984863
0.023984909057617188
0.0720069408416748
0.048200130462646484
0.05591988563537598
0.22388100624084473

0.21607398986816406
0.10390186309814453
0.040299177169799805
0.023598909378051758
0.08806204795837402
0.0719900131225586
0.01601409912109375
0.0559849739074707
0.05598783493041992
0.047997236251831055
0.02421879768371582
0.08792400360107422
0.015940189361572266
0.06389880180358887
0.22417831420898438

0.33602213859558105
0.10378289222717285
0.032276153564453125
0.031813859939575195
0.08797311782836914
0.07188582420349121
0.00805521011352539
0.0801088809967041
0.039997100830078125
0.039999961853027344
0.03192281723022461
0.07207608222961426
0.02397894859313965
0.07198715209960938
0.21598505973815918

0.3521389961242676
0.10393691062927246
0.05618000030517578
0.007826089859008789
0.09589219093322754
0.07204365730285645
0.007937192916870117
0.08026003837585449
0.039759159088134766
0.03208494186401367
0.03210806846618652
0.07182073593139648
0.0240781307220459
0.056108951568603516
0.17601299285888672

0.0850379467010498
0.07208681106567383
0.02408909797668457
0.09579110145568848
0.06386995315551758
0.04027509689331055
0.15197396278381348
0.44781494140625
0.1441211700439453
0.04801678657531738
0.08801913261413574
0.023913860321044922
0.05596494674682617
0.13605594635009766

0.19209694862365723
0.08791399002075195
0.04823875427246094
0.023494243621826172
0.1202077865600586
0.10400819778442383
0.00790095329284668
0.1120450496673584
0.023950815200805664
0.1361091136932373
0.08798599243164062
0.11200714111328125
0.007990121841430664
0.05590677261352539
0.14410686492919922

0.3602910041809082
0.09581494331359863
0.048139095306396484
0.023828983306884766
0.12002396583557129
0.07997918128967285
0.0718836784362793
0.07202291488647461
0.11211133003234863
0.07993888854980469
0.039977073669433594
0.10397005081176758
0.016054630279541016
0.05578112602233887
0.15213394165039062

0.16858291625976562
0.08770322799682617
0.04792380332946777
0.023949146270751953
0.12788677215576172
0.06405305862426758
0.031989097595214844
0.08805394172668457
0.07987022399902344
0.10410594940185547
0.08001375198364258
0.10412001609802246
0.031571149826049805
0.05626201629638672
0.15197300910949707

0.20014190673828125
0.12003684043884277
0.04803609848022461
0.02373790740966797
0.11203622817993164
0.07999396324157715
0.03975105285644531
0.07230091094970703
0.12796401977539062
0.09596991539001465
0.03193306922912598
0.08796215057373047
0.03208804130554199
0.056032657623291016
0.1680312156677246

0.24024081230163574
0.07186007499694824
0.048156023025512695
0.0159299373626709
0.11184525489807129
0.10403299331665039
0.04802274703979492
0.0800008773803711
0.11199307441711426
0.10392308235168457
0.04001617431640625
0.07187199592590332
0.04822683334350586
0.04787707328796387
0.6239349842071533

0.28817200660705566
0.08796906471252441
0.05615091323852539
0.015791893005371094
0.16006994247436523
0.07200813293457031
0.01600480079650879
0.07999110221862793
0.11211895942687988
0.11183905601501465
0.0319979190826416
0.11191701889038086
0.024042129516601562
0.048002004623413086
0.12802886962890625

0.2880430221557617
0.07976007461547852
0.048718929290771484
0.007294178009033203
0.11206793785095215
0.08004498481750488
0.03223085403442383
0.13590025901794434
0.6560189723968506
0.13574504852294922
0.11994695663452148
0.11216998100280762
0.007683992385864258
0.06422996520996094
0.15997314453125

0.3522529602050781
0.07973194122314453
0.04837989807128906
0.007597208023071289
0.11222600936889648
0.08786296844482422
0.007750988006591797
0.16030097007751465
0.03999495506286621
0.1520240306854248
0.02365589141845703
0.0882260799407959
0.12805604934692383
0.07198405265808105
0.16814899444580078

0.061627864837646484
0.0799720287322998
0.00801992416381836
0.1359560489654541
0.0960090160369873
0.09579014778137207
0.1041557788848877
0.15995216369628906
0.11204195022583008
0.03188586235046387
0.08814716339111328
0.07997703552246094
0.0399470329284668
0.15206599235534668

0.14169621467590332
0.11213207244873047
0.0003337860107421875
0.15973305702209473
0.09554600715637207
0.07207202911376953
0.10393786430358887
0.12013387680053711
0.024338245391845703
0.11980175971984863
0.055991172790527344
0.007771015167236328
0.09603500366210938
0.2561659812927246

0.1923818588256836
0.13573026657104492
0.07175874710083008
0.016082048416137695
0.12819504737854004
0.11175704002380371
0.015882015228271484
0.08812785148620605
0.1361229419708252
0.07987117767333984
0.11225509643554688
0.07974672317504883
0.04806709289550781
0.07991504669189453
0.20824193954467773

0.05629396438598633
0.08761000633239746
0.04818105697631836
0.0479278564453125
0.13610196113586426
0.0878901481628418
0.04790687561035156
0.10392498970031738
0.14415502548217773
0.1039280891418457
0.08026814460754395
0.07168793678283691
0.05617880821228027
0.06389832496643066
0.1681499481201172

0.06422114372253418
0.1195840835571289
0.04816579818725586
0.03187417984008789
0.10428690910339355
0.07184004783630371
0.047962188720703125
0.05603194236755371
0.11195707321166992
0.08003568649291992
0.06396102905273438
0.08807992935180664
0.015888214111328125
0.06419086456298828
0.17615485191345215

0.009221076965332031
0.12697505950927734
0.055855751037597656
0.0398859977722168
0.09609007835388184
0.07993006706237793
0.06386804580688477
0.06399893760681152
0.1121208667755127
0.07993221282958984
0.08800578117370605
0.06401896476745605
0.03215909004211426
0.055793046951293945
0.18409395217895508

0.04810523986816406
0.10386800765991211
0.07258081436157227
0.015438079833984375
0.10399103164672852
0.0640099048614502
0.06418418884277344
0.0641317367553711
0.10376501083374023
0.07184600830078125
0.0637810230255127
0.07245612144470215
0.047905921936035156
0.05589914321899414
0.16016674041748047

0.040235042572021484
0.14378118515014648
0.06415271759033203
0.015864133834838867
0.12018704414367676
0.07185101509094238
0.07185697555541992
0.06411600112915039
0.2720050811767578
0.09599184989929199
0.10397005081176758
0.07992291450500488
0.040238142013549805
0.07983088493347168
0.18401217460632324

0.16852879524230957
0.13572907447814941
0.08001017570495605
0.007964849472045898
0.0958559513092041
0.07997608184814453
0.03207516670227051
0.06395077705383301
0.11212015151977539
0.06388497352600098
0.047995805740356445
0.08794307708740234
0.04796314239501953
0.04798007011413574
0.17603468894958496

0.007570028305053711
0.11220598220825195
0.08045482635498047
0.015367984771728516
0.08796310424804688
0.08009815216064453
0.0480959415435791
0.05593514442443848
0.11203193664550781
0.0719149112701416
0.05611920356750488
0.0798187255859375
0.0562589168548584
0.07978606224060059
0.16026997566223145

0.047918081283569336
0.13595962524414062
0.0806741714477539
0.015425920486450195
0.11191296577453613
0.07199311256408691
0.04025101661682129
0.06368708610534668
0.10408496856689453
0.08000588417053223
0.05599212646484375
0.07206606864929199
0.0321958065032959
0.07970714569091797
0.15207982063293457

0.09325885772705078
0.07999491691589355
0.008070230484008789
0.09599494934082031
0.08788180351257324
0.008983135223388672
0.0551760196685791
0.07191586494445801
0.0400240421295166
0.024136066436767578
0.07963800430297852
0.02422809600830078
0.06399178504943848
0.17621397972106934

0.4240841865539551
0.0798797607421875
0.04821419715881348
0.015765905380249023
0.1199491024017334
0.0801541805267334
0.007823705673217773
0.06406712532043457
0.04000496864318848
0.04007697105407715
0.04820704460144043
0.07190513610839844
0.03214383125305176
0.07167410850524902
0.26408982276916504

0.27248382568359375
0.11936306953430176
0.0482940673828125
0.007489919662475586
0.11254191398620605
0.0798792839050293
0.0003368854522705078
0.07972192764282227
0.05596113204956055
0.015939712524414062
0.048142194747924805
0.08792710304260254
0.015977859497070312
0.04792189598083496
0.1839761734008789

0.27237915992736816
0.11160397529602051
0.04860496520996094
0.007378816604614258
0.12009501457214355
0.08793520927429199
0.007956981658935547
0.05604887008666992
0.0720362663269043
0.03193092346191406
0.024220705032348633
0.09575414657592773
0.015951156616210938
0.0480499267578125
0.18400096893310547

0.27187585830688477
0.1037740707397461
0.04819893836975098
0.0077571868896484375
0.12004494667053223
0.06421089172363281
0.023681163787841797
0.05630373954772949
0.047866106033325195
0.03200101852416992
0.04008197784423828
0.09588289260864258
0.0077021121978759766
0.06415891647338867
0.1680300235748291

0.1845839023590088
0.11156511306762695
0.0401158332824707
0.007720947265625
0.10424542427062988
0.08007669448852539
0.00789022445678711
0.0639028549194336
0.055999040603637695
0.07994484901428223
0.032009124755859375
0.08006405830383301
0.00796198844909668
0.06400108337402344
0.19201374053955078

0.12822198867797852
0.13571500778198242
0.008099079132080078
0.06390690803527832
0.07218098640441895
0.08803701400756836
0.04004311561584473
0.0638120174407959
0.048024892807006836
0.05600094795227051
0.04011821746826172
0.0877988338470459
0.024241924285888672
0.06371116638183594
0.07214999198913574
0.1278541088104248
0.07999682426452637
0.04031991958618164
0.7518231868743896

1.1764490604400635
0.0722649097442627
0.07949614524841309
0.0003349781036376953
0.11955595016479492
0.08005404472351074
0.00786590576171875
0.07217097282409668
0.05603599548339844
0.04795718193054199
0.03181576728820801
0.08818221092224121
0.00793600082397461
0.055870771408081055
0.1840970516204834

0.32843017578125
0.05562591552734375
0.056558847427368164
0.007310152053833008
0.13596105575561523
0.06422090530395508
0.007812738418579102
0.04815411567687988
0.06389904022216797
0.04799985885620117
0.007810115814208984
0.08009219169616699
0.02409672737121582
0.07199406623840332
0.1840801239013672

0.10164380073547363
0.05588698387145996
0.024068117141723633
0.08789992332458496
0.07196211814880371
0.007963895797729492
0.07227110862731934
0.05586886405944824
0.024100065231323242
0.04780101776123047
0.08006501197814941
0.008002042770385742
0.07196903228759766
0.1840219497680664

0.13391733169555664
0.02338886260986328
0.03998589515686035
0.07184720039367676
0.07996392250061035
0.023990869522094727
0.07998299598693848
0.03181719779968262
0.03215479850769043
0.008069276809692383
0.08796286582946777
0.039952754974365234
0.07203197479248047
0.18386030197143555

0.39202094078063965
0.0878760814666748
0.03252887725830078
0.03952503204345703
0.1039278507232666
0.06404304504394531
0.03995108604431152
0.04805302619934082
0.047914981842041016
0.0319828987121582
0.0399930477142334
0.07206296920776367
0.007804155349731445
0.06417012214660645
0.16799068450927734

0.2883188724517822
0.087493896484375
0.0642850399017334
0.0003299713134765625
0.11159014701843262
0.06410694122314453
0.023874998092651367
0.03996706008911133
0.06402897834777832
0.031896114349365234
0.01613163948059082
0.08788037300109863
0.01602482795715332
0.0559849739074707
0.1919560432434082

0.24022889137268066
0.09580206871032715
0.04794597625732422
0.008105039596557617
0.12788987159729004
0.07192492485046387
0.007998228073120117
0.0800929069519043
0.04806995391845703
0.04003500938415527
0.007974863052368164
0.08798718452453613
0.032134056091308594
0.07176804542541504
0.17616581916809082

0.20014500617980957
0.09594011306762695
0.04805397987365723
0.0240631103515625
0.0957028865814209
0.07213187217712402
0.007912158966064453
0.06405091285705566
0.056147098541259766
0.03989911079406738
0.023862838745117188
0.09596705436706543
0.008025884628295898
0.07204413414001465
0.20795106887817383

0.184218168258667
0.11179971694946289
0.04813408851623535
0.0077190399169921875
0.1359879970550537
0.07207012176513672
0.0002608299255371094
0.07192492485046387
0.055846214294433594
0.024089813232421875
0.06416201591491699
0.0718379020690918
0.023942232131958008
0.06406188011169434
0.1919538974761963

0.4483802318572998
0.08750104904174805
0.06424880027770996
0.007571220397949219
0.12841486930847168
0.08780384063720703
0.007989168167114258
0.0800480842590332
0.04002690315246582
0.03995180130004883
0.01593327522277832
0.08017373085021973
0.0478971004486084
0.06396007537841797
0.17612481117248535

0.2082209587097168
0.09565997123718262
0.06458091735839844
0.00727391242980957
0.1040811538696289
0.07216382026672363
0.007814168930053711
0.07215690612792969
0.056008100509643555
0.024058103561401367
0.04791879653930664
0.07999992370605469
0.007878303527832031
0.0641016960144043
0.1840040683746338

0.28029513359069824
0.08780503273010254
0.04028487205505371
0.015717029571533203
0.11989998817443848
0.06424283981323242
0.02388310432434082
0.06395101547241211
0.05616021156311035
0.023952722549438477
0.03994393348693848
0.07199931144714355
0.024180889129638672
0.07251286506652832
0.1752490997314453

0.23225712776184082
0.0878000259399414
0.05616283416748047
0.007754802703857422
0.12012815475463867
0.06398987770080566
0.007934331893920898
0.0960838794708252
0.04798483848571777
0.06399416923522949
0.0718238353729248
0.07213115692138672
0.03201103210449219
0.0640099048614502
0.23201417922973633

0.14986586570739746
0.07162284851074219
0.008098125457763672
0.4639549255371094
0.06389713287353516
0.18406200408935547
0.055867910385131836
0.2161250114440918
0.0640411376953125
0.07997798919677734
0.06404876708984375
0.1040031909942627
0.04787087440490723
0.3599550724029541

0.40015578269958496
0.17588090896606445
0.056356191635131836
0.00030684471130371094
0.3833322525024414
0.06399989128112793
0.24798297882080078
0.0639951229095459
0.23201894760131836
0.06397390365600586
0.12002801895141602
0.05589103698730469
0.14413213729858398
0.055940866470336914
0.375931978225708

0.3522319793701172
0.19995474815368652
0.047965288162231445
0.015787839889526367
0.392244815826416
0.04788827896118164
0.24796700477600098
0.07200002670288086
0.19205188751220703
0.07993602752685547
0.06408190727233887
0.06383395195007324
0.19208097457885742
0.05593514442443848
0.36817288398742676

0.30451107025146484
0.14363694190979004
0.05647110939025879
0.015511035919189453
0.3678867816925049
0.055860042572021484
0.22412991523742676
0.06415104866027832
0.1679689884185791
0.07215714454650879
0.06368803977966309
0.06481099128723145
0.1037447452545166
0.0561223030090332
0.3673229217529297

0.32007718086242676
0.16853880882263184
0.04012799263000488
0.023972034454345703
0.34331297874450684
0.06401419639587402
0.2078540325164795
0.06402993202209473
0.17674803733825684
0.06405878067016602
0.04757237434387207
0.0644526481628418
0.11995220184326172
0.0635688304901123
0.3436849117279053

0.303875207901001
0.15245699882507324
0.0402219295501709
0.02403879165649414
0.3190431594848633
0.07210016250610352
0.16000771522521973
0.055912017822265625
0.16818785667419434
0.0878591537475586
0.07239198684692383
0.05644488334655762
0.09617018699645996
0.05576491355895996
0.3752460479736328

0.3204009532928467
0.18433904647827148
0.0401308536529541
0.023736238479614258
0.34348273277282715
0.055959224700927734
0.18394684791564941
0.0640420913696289
0.13614296913146973
0.08858203887939453
0.016082048416137695
0.0719461441040039
0.11118578910827637
0.06396794319152832
0.3439669609069824

0.24819111824035645
0.11262083053588867
0.06422019004821777
0.00047898292541503906
0.3584170341491699
0.07202887535095215
0.20010685920715332
0.05598640441894531
0.1598799228668213
0.07286882400512695
0.04801511764526367
0.0639798641204834
0.07999801635742188
0.06396913528442383
0.3592240810394287

0.2641181945800781
0.12773704528808594
0.07228684425354004
0.007604122161865234
0.35201406478881836
0.056201934814453125
0.19184279441833496
0.07212710380554199
0.1439499855041504
0.0800790786743164
0.023714065551757812
0.08008980751037598
0.05616426467895508
0.06414675712585449
0.34372401237487793

0.20822906494140625
0.15163016319274902
0.06442499160766602
0.015442848205566406
0.31998610496520996
0.0720522403717041
0.1280226707458496
0.07188701629638672
0.1283421516418457
0.07174396514892578
0.07218313217163086
0.06456184387207031
0.03128695487976074
0.06399011611938477
0.3759779930114746

0.20526719093322754
0.07194280624389648
0.008133888244628906
0.46396327018737793
0.06394696235656738
0.2799088954925537
0.0640869140625
0.15195131301879883
0.07208490371704102
0.05596280097961426
0.055967092514038086
0.07196521759033203
0.06400203704833984
0.36805200576782227

0.3120920658111572
0.16805815696716309
0.055998802185058594
0.0077190399169921875
0.39214515686035156
0.0639638900756836
0.29589390754699707
0.07216310501098633
0.15204787254333496
0.08000421524047852
0.06391596794128418
0.07199788093566895
0.04776597023010254
0.056174278259277344
0.3521687984466553

0.328167200088501
0.15207195281982422
0.0719609260559082
0.0003170967102050781
0.38353395462036133
0.05611395835876465
0.1679527759552002
0.07192826271057129
0.12802600860595703
0.07204484939575195
0.06401300430297852
0.06382322311401367
0.05614161491394043
0.06393027305603027
0.34410905838012695

0.2882201671600342
0.13567900657653809
0.07223391532897949
0.008100032806396484
0.3597688674926758
0.05615997314453125
0.24790024757385254
0.07203793525695801
0.10375380516052246
0.08009123802185059
0.04803895950317383
0.07208991050720215
0.05582404136657715
0.06421613693237305
0.33588075637817383

0.2401111125946045
0.11172294616699219
0.056329965591430664
0.0002932548522949219
0.4155299663543701
0.031768798828125
0.23242521286010742
0.0637199878692627
0.08018994331359863
0.10390496253967285
0.047853946685791016
0.06412887573242188
0.04807114601135254
0.06372880935668945
0.3442082405090332

0.24846696853637695
0.13538026809692383
0.07216882705688477
0.00796198844909668
0.32831883430480957
0.0636742115020752
0.1279599666595459
0.06403899192810059
0.09613895416259766
0.08788418769836426
0.024024009704589844
0.07194185256958008
0.06393694877624512
0.06397700309753418
0.32006192207336426

0.2723357677459717
0.14391016960144043
0.056062936782836914
0.007862091064453125
0.35207200050354004
0.056001901626586914
0.11185312271118164
0.0639498233795166
0.08026003837585449
0.09592103958129883
0.03996992111206055
0.06402730941772461
0.024080753326416016
0.05584526062011719
0.36012959480285645

0.29618191719055176
0.12776803970336914
0.06415009498596191
0.007995843887329102
0.3838179111480713
0.048209190368652344
0.09586906433105469
0.06391692161560059
0.07195186614990234
0.09608602523803711
0.02390599250793457
0.08001422882080078
0.03995084762573242
0.0639657974243164
0.3362581729888916

0.3042459487915039
0.11183381080627441
0.06443905830383301
0.00799417495727539
0.3034627437591553
0.0720820426940918
0.08024001121520996
0.05572795867919922
0.06408810615539551
0.09594011306762695
0.040144920349121094
0.07192802429199219
0.023900985717773438
0.055957794189453125
0.3040471076965332

0.28012609481811523
0.15195703506469727
0.056028127670288086
0.008005857467651367
0.6719589233398438
0.06396222114562988
0.11188983917236328
0.07189416885375977
0.1120760440826416
0.08798789978027344
0.06412386894226074
0.0719149112701416
0.03211617469787598
0.06388998031616211
0.2639119625091553

0.09364676475524902
0.0483698844909668
0.015596151351928711
0.10394001007080078
0.09608602523803711
0.007915019989013672
0.06432580947875977
0.06378602981567383
0.039999961853027344
0.023896217346191406
0.08011984825134277
0.007863044738769531
0.06427907943725586
0.16782283782958984

0.2078380584716797
0.10381627082824707
0.024353742599487305
0.0397951602935791
0.1118018627166748
0.07218503952026367
0.00793910026550293
0.0720677375793457
0.07191610336303711
0.024047136306762695
0.03203582763671875
0.0799250602722168
0.00801396369934082
0.0638279914855957
0.16814112663269043

0.13623499870300293
0.12794089317321777
0.032469987869262695
0.02351093292236328
0.12015795707702637
0.08784103393554688
0.02384805679321289
0.048117876052856445
0.056082963943481445
0.03996419906616211
0.05603599548339844
0.06394696235656738
0.007817268371582031
0.048207759857177734
0.17667198181152344

0.10414600372314453
0.12851309776306152
0.023456096649169922
0.03980374336242676
0.08787417411804199
0.09613895416259766
0.00026702880859375
0.07968783378601074
0.048007965087890625
0.03996706008911133
0.023943185806274414
0.09611082077026367
0.00795602798461914
0.05607485771179199
0.16793513298034668

0.07999682426452637
0.17574715614318848
0.0159909725189209
0.04800081253051758
0.07994914054870605
0.08803081512451172
0.023948192596435547
0.05614614486694336
0.06395769119262695
0.04001212120056152
0.02396988868713379
0.07998323440551758
0.024064064025878906
0.06393599510192871
0.15198278427124023

0.0962057113647461
0.14400506019592285
0.04011392593383789
0.023693084716796875
0.10405993461608887
0.08793401718139648
0.01594996452331543
0.1039581298828125
0.016097068786621094
0.05600571632385254
0.04806017875671387
0.08004093170166016
0.023868083953857422
0.06403613090515137
0.19193172454833984

0.20842385292053223
0.10369205474853516
0.04011702537536621
0.023720979690551758
0.09606075286865234
0.0720221996307373
0.015895843505859375
0.09607195854187012
0.032003164291381836
0.04800987243652344
0.04816794395446777
0.07170939445495605
0.008022785186767578
0.06400799751281738
0.17606592178344727

0.14423298835754395
0.11177802085876465
0.024319887161254883
0.047460079193115234
0.08819103240966797
0.07994484901428223
0.016010046005249023
0.06397604942321777
0.05597829818725586
0.04006767272949219
0.01594710350036621
0.08798694610595703
0.016126155853271484
0.07194399833679199
0.14393973350524902

0.1044158935546875
0.10355138778686523
0.040178775787353516
0.039801836013793945
0.08795905113220215
0.08016324043273926
0.015790700912475586
0.05615735054016113
0.07197380065917969
0.055815935134887695
0.04018807411193848
0.07978606224060059
0.016232967376708984
0.06397581100463867
0.18388628959655762

0.17609190940856934
0.11179113388061523
0.04017066955566406
0.031899213790893555
0.09593486785888672
0.07997012138366699
0.008189916610717773
0.11974191665649414
0.056176185607910156
0.03997087478637695
0.0639352798461914
0.10411691665649414
0.14394497871398926
0.07195806503295898
0.2160639762878418

0.2526850700378418
0.0801248550415039
0.008260250091552734
0.46390295028686523
0.047798871994018555
0.2640190124511719
0.06394696235656738
0.16026616096496582
0.07175493240356445
0.048156023025512695
0.06385183334350586
0.08818411827087402
0.06383895874023438
0.3683300018310547

0.27238893508911133
0.10349202156066895
0.048158884048461914
0.023925065994262695
0.38408493995666504
0.0560150146484375
0.16005325317382812
0.0638427734375
0.13599896430969238
0.07195520401000977
0.06417107582092285
0.0558016300201416
0.08804011344909668
0.05595898628234863
0.38401293754577637

0.24811387062072754
0.1199350357055664
0.04016304016113281
0.03193807601928711
0.33583593368530273
0.05612993240356445
0.17708110809326172
0.07095789909362793
0.1119222640991211
0.0879817008972168
0.055989980697631836
0.05587410926818848
0.06411314010620117
0.05601692199707031
0.3359191417694092

0.288114070892334
0.09555697441101074
0.05673694610595703
0.015259027481079102
0.38436293601989746
0.06396102905273438
0.15989208221435547
0.06385087966918945
0.0960090160369873
0.08809089660644531
0.047894954681396484
0.05599617958068848
0.07204198837280273
0.07201218605041504
0.3359487056732178

0.29611802101135254
0.11205291748046875
0.04794812202453613
0.015815258026123047
0.3679647445678711
0.07206511497497559
0.11203885078430176
0.06384611129760742
0.08002901077270508
0.08804988861083984
0.0482182502746582
0.055819034576416016
0.056024789810180664
0.06388401985168457
0.33617186546325684

0.29640674591064453
0.11160612106323242
0.0483858585357666
0.023568153381347656
0.3520221710205078
0.06386184692382812
0.08820199966430664
0.06386804580688477
0.0719459056854248
0.11205911636352539
0.04802584648132324
0.06397318840026855
0.023933887481689453
0.06397795677185059
0.40811896324157715

0.31219005584716797
0.13596105575561523
0.03205585479736328
0.03186392784118652
0.423861026763916
0.0480802059173584
0.16001486778259277
0.0720517635345459
0.14393019676208496
0.07200503349304199
0.0639040470123291
0.07213282585144043
0.0721280574798584
0.06380796432495117
0.2961311340332031

0.3204331398010254
0.11156296730041504
0.0638420581817627
0.008117198944091797
0.4080348014831543
0.06395506858825684
0.10414385795593262
0.06390190124511719
0.09599113464355469
0.08794689178466797
0.05627012252807617
0.07173299789428711
0.0161440372467041
0.055928945541381836
0.33614110946655273

0.2804851531982422
0.11175179481506348
0.056002140045166016
0.007848978042602539
0.5121238231658936
0.07196426391601562
0.14410066604614258
0.06383228302001953
0.1122138500213623
0.08778715133666992
0.04815673828125
0.05574512481689453
0.06418895721435547
0.0639200210571289
0.30408811569213867

0.20785903930664062
0.11208796501159668
0.05575704574584961
0.008493900299072266
0.4075160026550293
0.047985076904296875
0.1279911994934082
0.07205986976623535
0.08805394172668457
0.08795905113220215
0.024171113967895508
0.07185769081115723
0.04797506332397461
0.06398725509643555
0.32001280784606934